_C_38d4_58f5d048_9 8c 0 98 0 0 2f203409 0 25306420 0 73202d20 0 443a0925 0 94144 
_C_38d4_58f5d048_20 84 0 48 0 0 41444449 0 4552525f 0 0 
_C_38d4_58f5d048_b 8c 0 98 0 0 2f203209 0 25306420 0 73202d20 0 543a0925 0 9534c 
_C_38d4_58f5d048_14 8c 0 78 0 0 2e747874 0 5f616e73 0 616d656d 0 646174 
_C_38d4_58f5d048_24 84 0 48 0 0 525f4a52 0 4552 0 0 
_C_38d4_58f5d048_7 8c 0 148 0 0 3d3d3d3d 0 3d3d3d3d 0 3d3d3d3d 0 3d3d3d3d 0 4c545320 0 52455355 0 3d3d3d20 0 3d3d3d3d 0 3d3d3d3d 0 3d3d3d3d 0 a 
_C_38d4_58f5d048_27 8c 0 30 0 0 494c4544 0 4641 
_C_38d4_58f5d048_a 8c 0 98 0 0 2f203409 0 25306420 0 73202d20 0 423a0925 0 95355 
_C_38d4_58f5d048_1a 84 0 48 0 0 2d2d2d 0 0 0 0 
_C_38d4_58f5d048_18 8c 0 48 0 0 52454354 0 4e434f52 0 49 
_C_38d4_58f5d048_d 8c 0 a0 0 0 2f203309 0 25306420 0 73202d20 0 493a0925 0 9534c54 
_C_38d4_58f5d048_22 84 0 48 0 0 5f424e45 0 455252 0 0 
_C_38d4_58f5d048_f 8c 0 a0 0 0 20313009 0 3064202f 0 202d2025 0 3a092573 0 9424e45 
_C_38d4_58f5d048_13 8c 0 140 0 0 3d3d3d3d 0 3d3d3d3d 0 3d3d3d3d 0 3d3d3d3d 0 3d3d3d3d 0 3d3d3d3d 0 3d3d3d3d 0 3d3d3d3d 0 3d3d3d3d 0 3d3d3d3d 
_C_38d4_58f5d048_1b 84 0 48 0 0 4c575357 0 4552525f 0 0 
_C_38d4_58f5d048_1f 84 0 48 0 0 5f534c54 0 455252 0 0 
_C_38d4_58f5d048_e 8c 0 98 0 0 2f203809 0 25306420 0 73202d20 0 513a0925 0 94245 
_C_38d4_58f5d048_10 8c 0 a0 0 0 2f203509 0 25306420 0 73202d20 0 503a0925 0 94a554d 
_C_38d4_58f5d048_11 8c 0 98 0 0 2f203509 0 25306420 0 73202d20 0 4c3a0925 0 94a41 
_C_38d4_58f5d048_1d 84 0 48 0 0 5f424551 0 455252 0 0 
_C_38d4_58f5d048_1c 84 0 48 0 0 5f414444 0 455252 0 0 
_C_38d4_58f5d048_12 8c 0 90 0 0 2f203509 0 25306420 0 73202d20 0 523a0925 0 94a 
_C_38d4_58f5d048_c 8c 0 a0 0 0 2f203309 0 25306420 0 73202d20 0 493a0925 0 9414444 
_C_38d4_58f5d048_1 8c 0 a8 0 0 2e766364 0 6d697073 0 6e65645f 0 70656c69 0 625f7069 0 74 
_C_38d4_58f5d048_23 84 0 48 0 0 4a554d50 0 4552525f 0 0 
_C_38d4_58f5d048_21 84 0 48 0 0 534c5449 0 4552525f 0 0 
_C_38d4_58f5d048_2 84 0 20 0 0 0 
_C_38d4_58f5d048_26 8c 0 30 0 0 53534544 0 5041 
_C_38d4_58f5d048_3 84 0 20 0 0 1 
_C_38d4_58f5d048_25 84 0 48 0 0 5f4a414c 0 455252 0 0 
_C_38d4_58f5d048_16 8c 0 88 0 0 2e747874 0 61727365 0 656d5f70 0 6174616d 0 64 
_C_38d4_58f5d048_5 8c 0 b8 0 0 20202573 0 20255820 0 58255820 0 58255825 0 643a2025 0 253032 
_C_38d4_58f5d048_17 94 0 20 0 0 0 
_C_38d4_58f5d048_19 84 0 48 0 0 52454354 0 434f52 0 0 
_C_38d4_58f5d048_15 8c 0 88 0 0 2e747874 0 61727365 0 656d5f70 0 6e73746d 0 69 
_C_38d4_58f5d048_4 8c 0 188 0 0 46494c45 0 20524547 0 20202020 0 41524520 0 434f4d50 0 20202020 0 46202020 0 454d5245 0 2020204d 0 414d454d 0 20444154 0 a202020 0 a 
_C_38d4_58f5d048_1e 84 0 48 0 0 5f535542 0 455252 0 0 
_C_38d4_58f5d048_8 8c 0 a0 0 0 202f2033 0 20253064 0 2573202d 0 53573a09 0 94c572f 
