8c
01
00
00
8c
02
00
04
8c
03
00
08
00
00
00
00
ac
01
00
10
00
00
00
00
ac
62
00
08
8c
04
00
14
00
21
28
20
00
42
30
20
00
22
38
20
00
41
40
20
ac
83
ff
f8
ac
05
00
1c
ac
06
00
20
ac
07
00
24
ac
08
00
28
00
21
28
22
00
42
30
22
00
22
38
22
00
41
40
22
ac
05
00
3c
ac
06
00
40
ac
07
00
44
ac
08
00
48
00
22
28
2a
00
41
30
2a
00
00
00
00
00
00
00
00
ac
05
00
4c
ac
06
00
50
8c
09
00
08
00
00
00
00
00
00
00
00
00
00
00
00
10
69
00
05
ac
02
00
2c
ac
02
00
54
00
00
00
00
00
00
00
00
00
00
00
00
ac
02
00
30
10
60
00
01
ac
01
00
34
ac
01
00
38
14
60
00
02
ac
01
00
58
ac
01
00
5c
ac
01
00
60
14
69
00
01
ac
01
00
64
ac
01
00
68
08
00
00
3b
ac
01
00
6c
00
00
00
00
00
00
00
00
00
00
00
00
00
00
00
00
00
00
00
00
ac
01
00
70
08
00
00
3f
ac
02
00
74
ac
01
00
78
ac
01
00
7c
0c
00
00
42
ac
01
00
80
ac
01
00
84
00
00
00
00
ac
1f
00
88
0c
00
00
48
ac
02
00
8c
ac
01
00
90
ac
01
00
94
00
00
00
00
ac
1f
00
98
0c
00
00
50
00
00
00
00
ac
02
00
9c
0c
00
00
53
ac
01
00
a8
ac
01
00
a0
00
00
00
00
03
e0
00
08
00
00
00
00
00
00
00
00
ac
1f
00
a4
28
29
00
00
28
2a
7f
ff
28
2b
8a
d0
28
4c
83
00
28
4d
12
34
ac
09
00
ac
ac
0a
00
b0
ac
0b
00
b4
ac
0c
00
b8
ac
0d
00
bc
20
25
12
34
20
46
56
78
20
27
7f
ff
20
48
00
00
23
ff
00
78
ac
05
00
c0
ac
06
00
c4
ac
07
00
c8
ac
08
00
cc
ac
1f
00
d0
03
e0
00
08
ac
01
00
d4
ac
01
00
d8
ac
01
00
dc
ac
01
00
e0
10
00
00
01
0c
00
00
73
00
00
00
00
ac
01
00
e4
ac
02
00
e8
08
00
00
79
14
01
00
00
00
00
00
00
00
00
00
00
ac
01
00
ec
ac
02
00
f0
00
00
00
00
00
00
00
00
00
00
00
00
00
00
00
00
00
00
00
00
00
00
00
00
00
00
00
00
00
00
00
00
00
00
00
00
00
00
00
00
