8c
09
00
20
ac
09
00
24
8c
0a
00
38
8c
0b
00
3c
8c
16
00
54
8c
17
00
58
02
d7
60
20
ac
0c
00
40
02
d7
68
22
ac
0d
00
44
22
ce
03
e8
ac
0e
00
50
01
4b
78
2a
ac
0f
00
48
29
58
00
05
ac
18
00
4c
8c
10
00
18
8c
11
00
1c
8c
08
00
34
8c
09
00
20
11
28
00
02
11
29
00
02
ae
08
00
00
ae
08
00
04
11
29
00
01
ae
08
00
08
15
29
00
02
15
28
00
02
ae
28
00
00
ae
28
00
04
15
28
00
01
ae
28
00
08
00
00
00
00
00
00
00
00
00
00
00
00
00
00
00
00
00
00
00
00
00
00
00
00
00
00
00
00
00
00
00
00
00
00
00
00
00
00
00
00
