8c
01
00
00
8c
02
00
04
8c
03
00
08
00
00
00
00
ac
01
00
10
00
00
00
00
ac
62
00
08
8c
04
00
14
00
21
28
20
00
42
30
20
00
22
38
20
00
41
40
20
ac
83
ff
f8
ac
05
00
1c
ac
06
00
20
ac
07
00
24
ac
08
00
28
00
21
28
22
00
42
30
22
00
22
38
22
00
41
40
22
ac
05
00
3c
ac
06
00
40
ac
07
00
44
ac
08
00
48
00
22
28
2a
00
41
30
2a
00
00
00
00
00
00
00
00
ac
05
00
4c
ac
06
00
50
20
67
00
3c
20
88
ff
f0
20
a9
80
00
00
00
00
00
00
00
00
00
ac
07
00
54
ac
08
00
58
ac
09
00
5c
28
27
7f
ff
28
48
80
00
28
89
00
14
00
00
00
00
00
00
00
00
ac
07
00
60
ac
08
00
64
ac
09
00
68
8c
09
00
08
00
00
00
00
00
00
00
00
00
00
00
00
08
00
00
37
00
21
50
20
ac
0a
00
84
ac
01
00
88
ac
02
00
8c
ac
03
00
90
ac
0a
00
94
ac
01
00
98
0c
00
00
41
ac
01
00
9c
ac
02
00
b4
08
00
00
49
00
64
08
20
00
64
10
20
ac
01
00
a0
00
64
50
20
ac
01
00
a8
ac
02
00
ac
ac
1f
00
a4
ac
0a
00
b0
af
e0
00
08
00
21
38
20
00
42
40
20
00
21
48
20
00
00
00
00
00
00
00
00
ac
07
00
b8
ac
08
00
bc
ac
09
00
c0
ac
01
00
c4
ac
02
00
c8
00
00
00
00
ac
03
00
cc
ac
01
00
d0
ac
02
00
d4
ac
03
00
d8
ac
04
00
dc
ac
01
00
e0
00
00
00
00
00
00
00
00
00
00
00
00
00
00
00
00
00
00
00
00
00
00
00
00
00
00
00
00
00
00
00
00
